NDCG: 0.91405173195
RMSE: 0.998417540636
