NDCG: 0.918034082103
RMSE: 0.958122723092
